[
    {
        "type": "Bellman",
        "Q": [
            [
                68.05411790495631,
                70.06017807081479
            ],
            [
                63.05416026373331,
                96.00854424753356
            ],
            [
                86.40768982278021,
                140.21684258483833
            ],
            [
                126.1951583263545,
                206.88521753988343
            ],
            [
                186.1966957858951,
                305.7322654910283
            ],
            [
                275.1590389419255,
                451.915546578719
            ],
            [
                406.7239919208471,
                668.0195198670926
            ],
            [
                601.2175678803834,
                987.4688917679367
            ]
        ],
        "tau": "/",
        "J": 365.78861003317843,
        "policy": [
            [
                0.0,
                1.0
            ],
            [
                0.0,
                1.0
            ],
            [
                0.0,
                1.0
            ],
            [
                0.0,
                1.0
            ],
            [
                0.0,
                1.0
            ],
            [
                0.0,
                1.0
            ],
            [
                0.0,
                1.0
            ],
            [
                0.0,
                1.0
            ]
        ],
        "delta_q": 0.0
    },
    {
        "type": "curriculum",
        "Q": [
            [
                50.00000000000004,
                43.532442539359394
            ],
            [
                45.00000000000005,
                42.02142494466106
            ],
            [
                48.21642154333348,
                49.54490864045013
            ],
            [
                55.34043587823533,
                55.97238856144555
            ],
            [
                74.18348964387305,
                74.38722701020282
            ],
            [
                114.25686192150401,
                150.245821698145
            ],
            [
                150.49662425436887,
                156.05229358638033
            ],
            [
                340.07386762863575,
                1303.3129816566218
            ]
        ],
        "tau": "1 -> 0",
        "J": 355.03300635211065,
        "policy": [
            [
                1.0,
                0.0
            ],
            [
                1.0,
                0.0
            ],
            [
                0.0,
                1.0
            ],
            [
                0.0,
                1.0
            ],
            [
                0.0,
                1.0
            ],
            [
                0.0,
                1.0
            ],
            [
                0.0,
                1.0
            ],
            [
                0.0,
                1.0
            ]
        ],
        "delta_q": 768.1945939471906
    },
    {
        "type": "scratch",
        "Q": [
            [
                164.94864334175173,
                88.0655157724007
            ],
            [
                86.96850544883517,
                166.74797854557352
            ],
            [
                81.15843391708165,
                164.2503742585904
            ],
            [
                168.1696899508253,
                81.09216794986278
            ],
            [
                165.56025243937717,
                80.73474776348634
            ],
            [
                161.43289044307056,
                79.81076227014916
            ],
            [
                161.55648649836516,
                80.50736904072728
            ],
            [
                94.2818275629446,
                321.21922092997795
            ]
        ],
        "tau": "0.9",
        "J": 62.36088514609208,
        "policy": [
            [
                1.0,
                0.0
            ],
            [
                0.0,
                1.0
            ],
            [
                0.0,
                1.0
            ],
            [
                1.0,
                0.0
            ],
            [
                1.0,
                0.0
            ],
            [
                1.0,
                0.0
            ],
            [
                1.0,
                0.0
            ],
            [
                0.0,
                1.0
            ]
        ],
        "delta_q": 1173.1854111553976
    },
    {
        "type": "scratch",
        "Q": [
            [
                169.24976058495,
                112.84406926475835
            ],
            [
                121.73534419761302,
                164.04145333562866
            ],
            [
                168.68300122332064,
                108.81543445799669
            ],
            [
                105.68140317186479,
                163.22134356024264
            ],
            [
                115.93446746336478,
                168.61783829840306
            ],
            [
                166.17566105390904,
                121.29814368952387
            ],
            [
                113.0681343602063,
                178.8915869977207
            ],
            [
                127.31060216849892,
                340.00449345652504
            ]
        ],
        "tau": "0.8",
        "J": 177.6284173958049,
        "policy": [
            [
                1.0,
                0.0
            ],
            [
                0.0,
                1.0
            ],
            [
                1.0,
                0.0
            ],
            [
                0.0,
                1.0
            ],
            [
                0.0,
                1.0
            ],
            [
                1.0,
                0.0
            ],
            [
                0.0,
                1.0
            ],
            [
                0.0,
                1.0
            ]
        ],
        "delta_q": 1121.3713640232963
    },
    {
        "type": "scratch",
        "Q": [
            [
                179.6038610141369,
                106.42552485392953
            ],
            [
                125.91316732986314,
                182.3875386808236
            ],
            [
                184.17457428573206,
                120.91946442849012
            ],
            [
                181.06295776700185,
                109.69006078909659
            ],
            [
                178.7201008911178,
                119.47594222246947
            ],
            [
                114.91495376200143,
                182.74968949836716
            ],
            [
                110.45072989371083,
                198.13570926182325
            ],
            [
                110.65998862569985,
                365.80570920021285
            ]
        ],
        "tau": "0.7",
        "J": 262.48415389883303,
        "policy": [
            [
                1.0,
                0.0
            ],
            [
                0.0,
                1.0
            ],
            [
                1.0,
                0.0
            ],
            [
                1.0,
                0.0
            ],
            [
                1.0,
                0.0
            ],
            [
                0.0,
                1.0
            ],
            [
                0.0,
                1.0
            ],
            [
                0.0,
                1.0
            ]
        ],
        "delta_q": 1112.2207618224074
    },
    {
        "type": "scratch",
        "Q": [
            [
                173.0999838879003,
                118.85731622181146
            ],
            [
                116.92125375858213,
                173.38902793255664
            ],
            [
                174.40620596439788,
                118.07465235262795
            ],
            [
                170.11899956789134,
                104.18611294475913
            ],
            [
                123.05707611036547,
                168.7109712680874
            ],
            [
                118.69221578936994,
                172.6555312919127
            ],
            [
                131.33007091229874,
                194.62511351439335
            ],
            [
                153.34834433447963,
                361.80823037647025
            ]
        ],
        "tau": "0.6",
        "J": 307.02578287933886,
        "policy": [
            [
                1.0,
                0.0
            ],
            [
                0.0,
                1.0
            ],
            [
                1.0,
                0.0
            ],
            [
                1.0,
                0.0
            ],
            [
                0.0,
                1.0
            ],
            [
                0.0,
                1.0
            ],
            [
                0.0,
                1.0
            ],
            [
                0.0,
                1.0
            ]
        ],
        "delta_q": 1073.5298849373703
    },
    {
        "type": "scratch",
        "Q": [
            [
                190.4722125817122,
                124.56826321795593
            ],
            [
                129.43574936676006,
                191.49907002871188
            ],
            [
                189.70880450371925,
                134.99922540436486
            ],
            [
                189.85798992489052,
                131.05357774060727
            ],
            [
                187.17094190322564,
                122.91066581615745
            ],
            [
                115.79411212339295,
                188.05019978769292
            ],
            [
                145.93213052444176,
                232.9047757790622
            ],
            [
                158.3745290824689,
                460.2190009978682
            ]
        ],
        "tau": "0.5",
        "J": 262.48415389883303,
        "policy": [
            [
                1.0,
                0.0
            ],
            [
                0.0,
                1.0
            ],
            [
                1.0,
                0.0
            ],
            [
                1.0,
                0.0
            ],
            [
                1.0,
                0.0
            ],
            [
                0.0,
                1.0
            ],
            [
                0.0,
                1.0
            ],
            [
                0.0,
                1.0
            ]
        ],
        "delta_q": 970.092929567983
    },
    {
        "type": "scratch",
        "Q": [
            [
                217.87477540704117,
                135.80172167170616
            ],
            [
                215.45712029914094,
                126.27329293495052
            ],
            [
                207.50357781021805,
                122.22444032783432
            ],
            [
                202.60696988646805,
                129.88811579033174
            ],
            [
                196.30910871509764,
                107.62990467939677
            ],
            [
                131.95372315828362,
                229.47936759732966
            ],
            [
                138.28098604388427,
                301.4944882795283
            ],
            [
                168.40571689351273,
                557.1567986817635
            ]
        ],
        "tau": "0.4",
        "J": 273.8943101200351,
        "policy": [
            [
                1.0,
                0.0
            ],
            [
                1.0,
                0.0
            ],
            [
                1.0,
                0.0
            ],
            [
                1.0,
                0.0
            ],
            [
                1.0,
                0.0
            ],
            [
                0.0,
                1.0
            ],
            [
                0.0,
                1.0
            ],
            [
                0.0,
                1.0
            ]
        ],
        "delta_q": 863.123944073044
    },
    {
        "type": "scratch",
        "Q": [
            [
                195.26168114879397,
                116.96831706810464
            ],
            [
                125.07693066328855,
                198.4061745699347
            ],
            [
                197.59163773699015,
                117.79097207313515
            ],
            [
                189.79719910861817,
                116.81957231742307
            ],
            [
                191.07648592130408,
                120.90915749091957
            ],
            [
                130.01885981926637,
                214.2673948684977
            ],
            [
                153.00482946930728,
                298.12234842817105
            ],
            [
                213.2827004513865,
                578.4474966287454
            ]
        ],
        "tau": "0.3",
        "J": 262.48415389883303,
        "policy": [
            [
                1.0,
                0.0
            ],
            [
                0.0,
                1.0
            ],
            [
                1.0,
                0.0
            ],
            [
                1.0,
                0.0
            ],
            [
                1.0,
                0.0
            ],
            [
                0.0,
                1.0
            ],
            [
                0.0,
                1.0
            ],
            [
                0.0,
                1.0
            ]
        ],
        "delta_q": 796.9562625681882
    },
    {
        "type": "scratch",
        "Q": [
            [
                105.47208451588516,
                146.059941608081
            ],
            [
                147.64928048687196,
                100.89588790117159
            ],
            [
                136.32483885095485,
                104.29798396524617
            ],
            [
                105.66419322692747,
                143.88425728202708
            ],
            [
                143.83046745065514,
                108.91369112525153
            ],
            [
                141.72133674883906,
                212.5123103842039
            ],
            [
                175.82425615962748,
                317.15391176131914
            ],
            [
                269.76985208815495,
                619.9614247077567
            ]
        ],
        "tau": "0.2",
        "J": 246.48188362430128,
        "policy": [
            [
                0.0,
                1.0
            ],
            [
                1.0,
                0.0
            ],
            [
                1.0,
                0.0
            ],
            [
                0.0,
                1.0
            ],
            [
                1.0,
                0.0
            ],
            [
                0.0,
                1.0
            ],
            [
                0.0,
                1.0
            ],
            [
                0.0,
                1.0
            ]
        ],
        "delta_q": 698.9551828524085
    },
    {
        "type": "scratch",
        "Q": [
            [
                180.93012847041317,
                92.46378739059816
            ],
            [
                165.36080426526587,
                93.57629003774761
            ],
            [
                132.5703385904787,
                97.13316041843113
            ],
            [
                128.95559751376,
                88.8708582807188
            ],
            [
                104.9040498768343,
                191.42277487412005
            ],
            [
                138.3749888966568,
                295.4137100374615
            ],
            [
                223.32758064921256,
                509.1209632920276
            ],
            [
                298.0052115545431,
                809.5409608287698
            ]
        ],
        "tau": "0.1",
        "J": 316.06060621667064,
        "policy": [
            [
                1.0,
                0.0
            ],
            [
                1.0,
                0.0
            ],
            [
                1.0,
                0.0
            ],
            [
                1.0,
                0.0
            ],
            [
                0.0,
                1.0
            ],
            [
                0.0,
                1.0
            ],
            [
                0.0,
                1.0
            ],
            [
                0.0,
                1.0
            ]
        ],
        "delta_q": 481.1402872650072
    },
    {
        "type": "scratch",
        "Q": [
            [
                49.99999999999998,
                43.2504194652393
            ],
            [
                44.99999999999998,
                39.98439635146875
            ],
            [
                40.49999999999998,
                36.50009859894324
            ],
            [
                36.44999999999998,
                32.220045738798056
            ],
            [
                32.804999999999986,
                29.479255983312346
            ],
            [
                29.524499999952646,
                26.60079925509693
            ],
            [
                0.0,
                0.0
            ],
            [
                0.0,
                0.0
            ]
        ],
        "tau": "0.0",
        "J": 35.595799375000006,
        "policy": [
            [
                1.0,
                0.0
            ],
            [
                1.0,
                0.0
            ],
            [
                1.0,
                0.0
            ],
            [
                1.0,
                0.0
            ],
            [
                1.0,
                0.0
            ],
            [
                1.0,
                0.0
            ],
            [
                1.0,
                0.0
            ],
            [
                1.0,
                0.0
            ]
        ],
        "delta_q": 1588.6864596483201
    },
    {
        "type": "Bellman",
        "Q": [
            [
                68.05411790495631,
                70.06017807081479
            ],
            [
                63.05416026373331,
                96.00854424753356
            ],
            [
                86.40768982278021,
                140.21684258483833
            ],
            [
                126.1951583263545,
                206.88521753988343
            ],
            [
                186.1966957858951,
                305.7322654910283
            ],
            [
                275.1590389419255,
                451.915546578719
            ],
            [
                406.7239919208471,
                668.0195198670926
            ],
            [
                601.2175678803834,
                987.4688917679367
            ]
        ],
        "tau": "/",
        "J": 365.78861003317843,
        "policy": [
            [
                0.0,
                1.0
            ],
            [
                0.0,
                1.0
            ],
            [
                0.0,
                1.0
            ],
            [
                0.0,
                1.0
            ],
            [
                0.0,
                1.0
            ],
            [
                0.0,
                1.0
            ],
            [
                0.0,
                1.0
            ],
            [
                0.0,
                1.0
            ]
        ],
        "delta_q": 0.0
    },
    {
        "type": "curriculum",
        "Q": [
            [
                50.00000000000004,
                43.85092760682927
            ],
            [
                45.00000000000004,
                37.384754053829305
            ],
            [
                40.50000000001881,
                36.663442411152495
            ],
            [
                40.29999857428887,
                142.24369927659035
            ],
            [
                128.01778037696073,
                177.56945062502237
            ],
            [
                190.70238327691715,
                251.32781352941743
            ],
            [
                257.03367965089495,
                425.4636952719568
            ],
            [
                309.08523933829315,
                498.52624970693626
            ]
        ],
        "tau": "1 -> 0",
        "J": 340.6844168677573,
        "policy": [
            [
                1.0,
                0.0
            ],
            [
                1.0,
                0.0
            ],
            [
                1.0,
                0.0
            ],
            [
                0.0,
                1.0
            ],
            [
                0.0,
                1.0
            ],
            [
                0.0,
                1.0
            ],
            [
                0.0,
                1.0
            ],
            [
                0.0,
                1.0
            ]
        ],
        "delta_q": 781.0749706030907
    },
    {
        "type": "scratch",
        "Q": [
            [
                111.18183591420768,
                139.34780972474195
            ],
            [
                140.52367301409237,
                105.67954654639716
            ],
            [
                117.23812409260731,
                143.26661808261701
            ],
            [
                141.72316582646505,
                85.73536294326473
            ],
            [
                113.69094851027924,
                143.15053401159366
            ],
            [
                100.64370942114024,
                140.23928635745006
            ],
            [
                110.39743912129742,
                144.22339988168096
            ],
            [
                129.1021685479852,
                290.1556238297956
            ]
        ],
        "tau": "0.9",
        "J": 293.05371165085023,
        "policy": [
            [
                0.0,
                1.0
            ],
            [
                1.0,
                0.0
            ],
            [
                0.0,
                1.0
            ],
            [
                1.0,
                0.0
            ],
            [
                0.0,
                1.0
            ],
            [
                0.0,
                1.0
            ],
            [
                0.0,
                1.0
            ],
            [
                0.0,
                1.0
            ]
        ],
        "delta_q": 1169.4286672705393
    },
    {
        "type": "scratch",
        "Q": [
            [
                108.40970753983598,
                157.7621323562948
            ],
            [
                110.78614829553543,
                162.15350343360822
            ],
            [
                164.51550008899892,
                111.04297529590995
            ],
            [
                110.59998159272196,
                163.43556681204973
            ],
            [
                165.38466701914655,
                109.40054534601971
            ],
            [
                103.32316151243796,
                159.98955320652107
            ],
            [
                118.61623871608919,
                169.6144825697728
            ],
            [
                132.73516536153926,
                360.55678821782845
            ]
        ],
        "tau": "0.8",
        "J": 246.48188362430128,
        "policy": [
            [
                0.0,
                1.0
            ],
            [
                0.0,
                1.0
            ],
            [
                1.0,
                0.0
            ],
            [
                0.0,
                1.0
            ],
            [
                1.0,
                0.0
            ],
            [
                0.0,
                1.0
            ],
            [
                0.0,
                1.0
            ],
            [
                0.0,
                1.0
            ]
        ],
        "delta_q": 1095.3945060689523
    },
    {
        "type": "scratch",
        "Q": [
            [
                184.44646214724386,
                128.96216271152224
            ],
            [
                138.6263365351148,
                185.60609347393674
            ],
            [
                120.01112097158845,
                187.163000094752
            ],
            [
                187.5260684001788,
                144.4507386560456
            ],
            [
                182.65124654226884,
                128.44334650699625
            ],
            [
                143.65385956594437,
                188.46082339608466
            ],
            [
                147.1775553846972,
                211.04023130318754
            ],
            [
                139.92267478920996,
                349.2159424701741
            ]
        ],
        "tau": "0.7",
        "J": 256.4055696009609,
        "policy": [
            [
                1.0,
                0.0
            ],
            [
                0.0,
                1.0
            ],
            [
                0.0,
                1.0
            ],
            [
                1.0,
                0.0
            ],
            [
                1.0,
                0.0
            ],
            [
                0.0,
                1.0
            ],
            [
                0.0,
                1.0
            ],
            [
                0.0,
                1.0
            ]
        ],
        "delta_q": 1099.547842388936
    },
    {
        "type": "scratch",
        "Q": [
            [
                182.86689167142615,
                130.22431974933687
            ],
            [
                184.08513195690858,
                123.35210237526208
            ],
            [
                186.7950539369521,
                127.61085470550869
            ],
            [
                180.96077033534658,
                118.2731598136349
            ],
            [
                119.92524467918429,
                179.63191803978592
            ],
            [
                182.94334425749483,
                119.72073781947576
            ],
            [
                129.55935340030243,
                214.483768868305
            ],
            [
                147.74973786321118,
                414.92162070218416
            ]
        ],
        "tau": "0.6",
        "J": 191.54866190494732,
        "policy": [
            [
                1.0,
                0.0
            ],
            [
                1.0,
                0.0
            ],
            [
                1.0,
                0.0
            ],
            [
                1.0,
                0.0
            ],
            [
                0.0,
                1.0
            ],
            [
                1.0,
                0.0
            ],
            [
                0.0,
                1.0
            ],
            [
                0.0,
                1.0
            ]
        ],
        "delta_q": 1026.0151010829247
    },
    {
        "type": "scratch",
        "Q": [
            [
                124.69023943088325,
                164.37236433333763
            ],
            [
                165.50354636180577,
                109.58874547235955
            ],
            [
                118.50862558027917,
                163.13664261645593
            ],
            [
                131.268599796127,
                169.80745160400733
            ],
            [
                123.33101057897659,
                168.75055107640247
            ],
            [
                131.84270374936762,
                173.68533453761114
            ],
            [
                132.90098334594407,
                217.40928474231805
            ],
            [
                163.3489106000828,
                411.56724804978455
            ]
        ],
        "tau": "0.5",
        "J": 341.50658321909754,
        "policy": [
            [
                0.0,
                1.0
            ],
            [
                1.0,
                0.0
            ],
            [
                0.0,
                1.0
            ],
            [
                0.0,
                1.0
            ],
            [
                0.0,
                1.0
            ],
            [
                0.0,
                1.0
            ],
            [
                0.0,
                1.0
            ],
            [
                0.0,
                1.0
            ]
        ],
        "delta_q": 1013.7703009984527
    },
    {
        "type": "scratch",
        "Q": [
            [
                186.2837396443907,
                96.03664145082287
            ],
            [
                95.26266354223691,
                176.79451448251208
            ],
            [
                92.21256390624548,
                183.6328447539012
            ],
            [
                97.0030470133014,
                179.46512805413465
            ],
            [
                101.49835812656362,
                167.80234603694592
            ],
            [
                175.35641629944206,
                93.67460889057598
            ],
            [
                111.23304836714416,
                247.11563431191075
            ],
            [
                127.23527297167043,
                446.8573757466736
            ]
        ],
        "tau": "0.4",
        "J": 173.37285948372454,
        "policy": [
            [
                1.0,
                0.0
            ],
            [
                0.0,
                1.0
            ],
            [
                0.0,
                1.0
            ],
            [
                0.0,
                1.0
            ],
            [
                0.0,
                1.0
            ],
            [
                1.0,
                0.0
            ],
            [
                0.0,
                1.0
            ],
            [
                0.0,
                1.0
            ]
        ],
        "delta_q": 1014.5938109299761
    },
    {
        "type": "scratch",
        "Q": [
            [
                182.041704216075,
                132.35081591042132
            ],
            [
                185.55800598525505,
                127.0706432451182
            ],
            [
                178.71105527287543,
                126.57791806610132
            ],
            [
                171.72838675798755,
                116.02915949588876
            ],
            [
                174.9811161540941,
                132.02976878919162
            ],
            [
                127.66028201723996,
                205.1046851740051
            ],
            [
                195.41859889421605,
                292.8142211047465
            ],
            [
                187.72292999351527,
                523.6163648501589
            ]
        ],
        "tau": "0.3",
        "J": 273.8943101200351,
        "policy": [
            [
                1.0,
                0.0
            ],
            [
                1.0,
                0.0
            ],
            [
                1.0,
                0.0
            ],
            [
                1.0,
                0.0
            ],
            [
                1.0,
                0.0
            ],
            [
                0.0,
                1.0
            ],
            [
                0.0,
                1.0
            ],
            [
                0.0,
                1.0
            ]
        ],
        "delta_q": 877.3471648046459
    },
    {
        "type": "scratch",
        "Q": [
            [
                198.25013822662876,
                124.025440062297
            ],
            [
                198.53972392486222,
                128.45257486386564
            ],
            [
                193.75126543353556,
                118.18769671370451
            ],
            [
                180.36444702858435,
                118.12669047488671
            ],
            [
                180.5416432308397,
                94.31524679925656
            ],
            [
                139.15982069737436,
                243.63750977722307
            ],
            [
                223.56286070948138,
                357.52254307772256
            ],
            [
                271.11571521670606,
                653.025610283261
            ]
        ],
        "tau": "0.2",
        "J": 273.8943101200351,
        "policy": [
            [
                1.0,
                0.0
            ],
            [
                1.0,
                0.0
            ],
            [
                1.0,
                0.0
            ],
            [
                1.0,
                0.0
            ],
            [
                1.0,
                0.0
            ],
            [
                0.0,
                1.0
            ],
            [
                0.0,
                1.0
            ],
            [
                0.0,
                1.0
            ]
        ],
        "delta_q": 664.5451341483531
    },
    {
        "type": "scratch",
        "Q": [
            [
                156.54180462679594,
                114.28626842651977
            ],
            [
                164.37292577078284,
                88.31248256716418
            ],
            [
                157.99988896988683,
                90.19006500181587
            ],
            [
                153.87799644918047,
                90.49453544392561
            ],
            [
                89.57393434365939,
                243.3106529222374
            ],
            [
                162.31109200621262,
                325.9151559278901
            ],
            [
                221.84761517343682,
                504.4077413323325
            ],
            [
                335.8201933662444,
                794.7566141040501
            ]
        ],
        "tau": "0.1",
        "J": 316.06060621667064,
        "policy": [
            [
                1.0,
                0.0
            ],
            [
                1.0,
                0.0
            ],
            [
                1.0,
                0.0
            ],
            [
                1.0,
                0.0
            ],
            [
                0.0,
                1.0
            ],
            [
                0.0,
                1.0
            ],
            [
                0.0,
                1.0
            ],
            [
                0.0,
                1.0
            ]
        ],
        "delta_q": 458.10965217802567
    },
    {
        "type": "scratch",
        "Q": [
            [
                49.99999999999998,
                43.79006465048083
            ],
            [
                44.99999999999998,
                40.27118915565498
            ],
            [
                40.49999999999998,
                34.81948144180362
            ],
            [
                36.44999999999998,
                32.604542546394725
            ],
            [
                32.804999999999986,
                31.688792779227917
            ],
            [
                29.524145617735975,
                25.192496638817317
            ],
            [
                0.0,
                0.0
            ],
            [
                0.0,
                0.0
            ]
        ],
        "tau": "0.0",
        "J": 35.595799375000006,
        "policy": [
            [
                1.0,
                0.0
            ],
            [
                1.0,
                0.0
            ],
            [
                1.0,
                0.0
            ],
            [
                1.0,
                0.0
            ],
            [
                1.0,
                0.0
            ],
            [
                1.0,
                0.0
            ],
            [
                1.0,
                0.0
            ],
            [
                1.0,
                0.0
            ]
        ],
        "delta_q": 1588.6864596483201
    },
    {
        "type": "Bellman",
        "Q": [
            [
                68.05411790495631,
                70.06017807081479
            ],
            [
                63.05416026373331,
                96.00854424753356
            ],
            [
                86.40768982278021,
                140.21684258483833
            ],
            [
                126.1951583263545,
                206.88521753988343
            ],
            [
                186.1966957858951,
                305.7322654910283
            ],
            [
                275.1590389419255,
                451.915546578719
            ],
            [
                406.7239919208471,
                668.0195198670926
            ],
            [
                601.2175678803834,
                987.4688917679367
            ]
        ],
        "tau": "/",
        "J": 365.78861003317843,
        "policy": [
            [
                0.0,
                1.0
            ],
            [
                0.0,
                1.0
            ],
            [
                0.0,
                1.0
            ],
            [
                0.0,
                1.0
            ],
            [
                0.0,
                1.0
            ],
            [
                0.0,
                1.0
            ],
            [
                0.0,
                1.0
            ],
            [
                0.0,
                1.0
            ]
        ],
        "delta_q": 0.0
    },
    {
        "type": "curriculum",
        "Q": [
            [
                50.00000000000004,
                43.214830889628715
            ],
            [
                45.00000000000004,
                39.68609393250637
            ],
            [
                40.502676450337745,
                40.30509555416471
            ],
            [
                44.488413050426004,
                47.95323554507485
            ],
            [
                95.02266556341283,
                125.41633444676961
            ],
            [
                157.54652533005208,
                159.0184725952705
            ],
            [
                445.5644200672622,
                418.53762386327145
            ],
            [
                527.6273996064883,
                671.9873774822308
            ]
        ],
        "tau": "1 -> 0",
        "J": 70.11234332645927,
        "policy": [
            [
                1.0,
                0.0
            ],
            [
                1.0,
                0.0
            ],
            [
                1.0,
                0.0
            ],
            [
                0.0,
                1.0
            ],
            [
                0.0,
                1.0
            ],
            [
                0.0,
                1.0
            ],
            [
                1.0,
                0.0
            ],
            [
                0.0,
                1.0
            ]
        ],
        "delta_q": 410.5095875953219
    },
    {
        "type": "scratch",
        "Q": [
            [
                179.93175454101163,
                109.35825908626717
            ],
            [
                112.7421790834855,
                179.83001658123527
            ],
            [
                102.33044314781418,
                173.52066177006867
            ],
            [
                106.138333638974,
                171.59507781232563
            ],
            [
                175.07528707444484,
                107.82520408278212
            ],
            [
                116.31383794596695,
                179.68893919488366
            ],
            [
                113.12469099505442,
                179.74145765806767
            ],
            [
                132.603137281001,
                326.9725031540659
            ]
        ],
        "tau": "0.9",
        "J": 254.9018535726736,
        "policy": [
            [
                1.0,
                0.0
            ],
            [
                0.0,
                1.0
            ],
            [
                0.0,
                1.0
            ],
            [
                0.0,
                1.0
            ],
            [
                1.0,
                0.0
            ],
            [
                0.0,
                1.0
            ],
            [
                0.0,
                1.0
            ],
            [
                0.0,
                1.0
            ]
        ],
        "delta_q": 1129.110819213253
    },
    {
        "type": "scratch",
        "Q": [
            [
                83.19851490866861,
                154.36729291945815
            ],
            [
                153.80626539820824,
                75.02474647478893
            ],
            [
                157.1956252973863,
                101.91743304406822
            ],
            [
                152.29427222149505,
                72.06771607659277
            ],
            [
                152.1525970894481,
                96.22444631616513
            ],
            [
                152.621403889176,
                106.09344930536288
            ],
            [
                147.74228972871396,
                109.86931297112886
            ],
            [
                94.76854570162345,
                294.23958456936697
            ]
        ],
        "tau": "0.8",
        "J": 51.36986301369864,
        "policy": [
            [
                0.0,
                1.0
            ],
            [
                1.0,
                0.0
            ],
            [
                1.0,
                0.0
            ],
            [
                1.0,
                0.0
            ],
            [
                1.0,
                0.0
            ],
            [
                1.0,
                0.0
            ],
            [
                1.0,
                0.0
            ],
            [
                0.0,
                1.0
            ]
        ],
        "delta_q": 1199.6783293773296
    },
    {
        "type": "scratch",
        "Q": [
            [
                109.43262194232615,
                132.92956626125303
            ],
            [
                133.0454720849333,
                108.09589317002455
            ],
            [
                134.01711001600577,
                109.68425336913803
            ],
            [
                133.09121508194906,
                108.67228766450731
            ],
            [
                109.60402328764314,
                134.6092291167318
            ],
            [
                131.6644842509146,
                112.02994626370645
            ],
            [
                134.71749555891233,
                109.48959517230841
            ],
            [
                125.99120529036227,
                296.69252563006694
            ]
        ],
        "tau": "0.7",
        "J": 51.36986301369861,
        "policy": [
            [
                0.0,
                1.0
            ],
            [
                1.0,
                0.0
            ],
            [
                1.0,
                0.0
            ],
            [
                1.0,
                0.0
            ],
            [
                0.0,
                1.0
            ],
            [
                1.0,
                0.0
            ],
            [
                1.0,
                0.0
            ],
            [
                0.0,
                1.0
            ]
        ],
        "delta_q": 1166.0027287278908
    },
    {
        "type": "scratch",
        "Q": [
            [
                123.44836302118921,
                165.87584300790752
            ],
            [
                123.6597858177672,
                173.91190505060786
            ],
            [
                172.17066389527096,
                124.57596649844079
            ],
            [
                175.85647484559408,
                125.36835280639183
            ],
            [
                178.29058810136226,
                126.56108122199161
            ],
            [
                175.78676438810763,
                127.59758715097043
            ],
            [
                134.18683110707585,
                201.44513355260906
            ],
            [
                154.528222329896,
                440.34853613956705
            ]
        ],
        "tau": "0.6",
        "J": 165.20820760410382,
        "policy": [
            [
                0.0,
                1.0
            ],
            [
                0.0,
                1.0
            ],
            [
                1.0,
                0.0
            ],
            [
                1.0,
                0.0
            ],
            [
                1.0,
                0.0
            ],
            [
                1.0,
                0.0
            ],
            [
                0.0,
                1.0
            ],
            [
                0.0,
                1.0
            ]
        ],
        "delta_q": 993.809701178857
    },
    {
        "type": "scratch",
        "Q": [
            [
                169.63899700379562,
                90.97133943253746
            ],
            [
                167.71853914323006,
                78.89937849612929
            ],
            [
                95.01626607903522,
                169.05613264797844
            ],
            [
                169.71980230413493,
                69.54300899813578
            ],
            [
                169.63897291738314,
                61.90423343748929
            ],
            [
                167.42472917167817,
                65.9855557592281
            ],
            [
                82.84897113030412,
                206.92617631340744
            ],
            [
                91.8172568984388,
                401.8905472054973
            ]
        ],
        "tau": "0.5",
        "J": 186.36251559158327,
        "policy": [
            [
                1.0,
                0.0
            ],
            [
                1.0,
                0.0
            ],
            [
                0.0,
                1.0
            ],
            [
                1.0,
                0.0
            ],
            [
                1.0,
                0.0
            ],
            [
                1.0,
                0.0
            ],
            [
                0.0,
                1.0
            ],
            [
                0.0,
                1.0
            ]
        ],
        "delta_q": 1094.978655544384
    },
    {
        "type": "scratch",
        "Q": [
            [
                199.5973536452441,
                133.85751949951876
            ],
            [
                199.0320649812412,
                95.30807074114715
            ],
            [
                198.2519084629064,
                120.29698494969868
            ],
            [
                199.2756777971307,
                98.12178492287867
            ],
            [
                196.42225218346454,
                102.61286183280357
            ],
            [
                188.19716458269897,
                97.59847807698499
            ],
            [
                108.03272714900125,
                272.934026111661
            ],
            [
                126.62705752130061,
                483.35985093274263
            ]
        ],
        "tau": "0.4",
        "J": 197.21930593693423,
        "policy": [
            [
                1.0,
                0.0
            ],
            [
                1.0,
                0.0
            ],
            [
                1.0,
                0.0
            ],
            [
                1.0,
                0.0
            ],
            [
                1.0,
                0.0
            ],
            [
                1.0,
                0.0
            ],
            [
                0.0,
                1.0
            ],
            [
                0.0,
                1.0
            ]
        ],
        "delta_q": 978.6995511942769
    },
    {
        "type": "scratch",
        "Q": [
            [
                183.06082021243955,
                128.28718004359789
            ],
            [
                111.9733637268982,
                170.96522966718442
            ],
            [
                116.05043920067627,
                172.15880645086904
            ],
            [
                121.26713633108338,
                169.18415266368356
            ],
            [
                126.25672140517266,
                180.904528569301
            ],
            [
                124.26676767499892,
                209.3223373562521
            ],
            [
                141.68386931228693,
                291.04838012016563
            ],
            [
                200.17295953775437,
                589.6045851765102
            ]
        ],
        "tau": "0.3",
        "J": 362.54953332572023,
        "policy": [
            [
                1.0,
                0.0
            ],
            [
                0.0,
                1.0
            ],
            [
                0.0,
                1.0
            ],
            [
                0.0,
                1.0
            ],
            [
                0.0,
                1.0
            ],
            [
                0.0,
                1.0
            ],
            [
                0.0,
                1.0
            ],
            [
                0.0,
                1.0
            ]
        ],
        "delta_q": 798.9089149340555
    },
    {
        "type": "scratch",
        "Q": [
            [
                195.59164137927218,
                126.67830225366254
            ],
            [
                200.93581665181983,
                105.17094080304275
            ],
            [
                217.3493403202003,
                99.81257184460229
            ],
            [
                91.55837634954706,
                206.31562710326227
            ],
            [
                108.70830952386312,
                218.87362228897433
            ],
            [
                132.8143411003048,
                273.2674397845239
            ],
            [
                149.64038792630484,
                367.0210555249993
            ],
            [
                205.2523124665921,
                608.3522894100277
            ]
        ],
        "tau": "0.2",
        "J": 340.6844168677573,
        "policy": [
            [
                1.0,
                0.0
            ],
            [
                1.0,
                0.0
            ],
            [
                1.0,
                0.0
            ],
            [
                0.0,
                1.0
            ],
            [
                0.0,
                1.0
            ],
            [
                0.0,
                1.0
            ],
            [
                0.0,
                1.0
            ],
            [
                0.0,
                1.0
            ]
        ],
        "delta_q": 775.0818577717004
    },
    {
        "type": "scratch",
        "Q": [
            [
                179.97886587731384,
                110.51467584499088
            ],
            [
                119.1108998415789,
                150.02763404049088
            ],
            [
                119.81572141010011,
                154.98485422087376
            ],
            [
                130.93795768708097,
                192.0557351560437
            ],
            [
                132.24069141472233,
                246.90559618888688
            ],
            [
                181.6237163808553,
                339.2873837574434
            ],
            [
                237.60764487537443,
                538.4514488574013
            ],
            [
                372.6653280331776,
                876.6483471586506
            ]
        ],
        "tau": "0.1",
        "J": 362.54953332572023,
        "policy": [
            [
                1.0,
                0.0
            ],
            [
                0.0,
                1.0
            ],
            [
                0.0,
                1.0
            ],
            [
                0.0,
                1.0
            ],
            [
                0.0,
                1.0
            ],
            [
                0.0,
                1.0
            ],
            [
                0.0,
                1.0
            ],
            [
                0.0,
                1.0
            ]
        ],
        "delta_q": 339.3727844564919
    },
    {
        "type": "scratch",
        "Q": [
            [
                49.99999999999998,
                43.09742995981851
            ],
            [
                44.99999999999998,
                39.78040585070827
            ],
            [
                40.49999999999998,
                34.751572865098794
            ],
            [
                36.44999999999998,
                31.768521342588684
            ],
            [
                32.804999999999986,
                31.924029407061806
            ],
            [
                29.524445149031926,
                29.395404809403203
            ],
            [
                26.0997452742293,
                0.0
            ],
            [
                22.3611530726937,
                0.0
            ]
        ],
        "tau": "0.0",
        "J": 35.595799375000006,
        "policy": [
            [
                1.0,
                0.0
            ],
            [
                1.0,
                0.0
            ],
            [
                1.0,
                0.0
            ],
            [
                1.0,
                0.0
            ],
            [
                1.0,
                0.0
            ],
            [
                1.0,
                0.0
            ],
            [
                1.0,
                0.0
            ],
            [
                1.0,
                0.0
            ]
        ],
        "delta_q": 1566.3253065756264
    }
]